(kicad_pcb (version 20171130) (host pcbnew 5.1.12)

  (general
    (thickness 1.6)
    (drawings 8)
    (tracks 377)
    (zones 0)
    (modules 129)
    (nets 98)
  )

  (page A4)
  (title_block
    (title LoRaDOngle)
    (rev 1.1)
    (comment 1 "Mark Njoroge")
  )

  (layers
    (0 F.Cu signal)
    (1 Gnd power)
    (2 3V3 power)
    (31 B.Cu signal)
    (33 F.Adhes user)
    (34 B.Paste user)
    (35 F.Paste user)
    (37 F.SilkS user)
    (38 B.Mask user)
    (39 F.Mask user)
    (40 Dwgs.User user)
    (41 Cmts.User user)
    (42 Eco1.User user)
    (43 Eco2.User user)
    (44 Edge.Cuts user)
    (45 Margin user)
    (46 B.CrtYd user)
    (47 F.CrtYd user)
    (49 F.Fab user hide)
  )

  (setup
    (last_trace_width 0.5)
    (user_trace_width 0.15)
    (user_trace_width 0.2)
    (user_trace_width 0.3)
    (user_trace_width 0.4)
    (user_trace_width 0.5)
    (trace_clearance 0.2)
    (zone_clearance 0.508)
    (zone_45_only no)
    (trace_min 0.1)
    (via_size 0.8)
    (via_drill 0.4)
    (via_min_size 0.4)
    (via_min_drill 0.3)
    (user_via 0.6 0.3)
    (user_via 1 0.5)
    (uvia_size 0.4)
    (uvia_drill 0.2)
    (uvias_allowed yes)
    (uvia_min_size 0.3)
    (uvia_min_drill 0.2)
    (edge_width 0.05)
    (segment_width 0.2)
    (pcb_text_width 0.3)
    (pcb_text_size 1.5 1.5)
    (mod_edge_width 0.12)
    (mod_text_size 1 1)
    (mod_text_width 0.15)
    (pad_size 1.524 1.524)
    (pad_drill 0.762)
    (pad_to_mask_clearance 0)
    (aux_axis_origin 0 0)
    (visible_elements FFFFFF7F)
    (pcbplotparams
      (layerselection 0x010fc_ffffffff)
      (usegerberextensions false)
      (usegerberattributes true)
      (usegerberadvancedattributes true)
      (creategerberjobfile true)
      (excludeedgelayer true)
      (linewidth 0.100000)
      (plotframeref false)
      (viasonmask false)
      (mode 1)
      (useauxorigin false)
      (hpglpennumber 1)
      (hpglpenspeed 20)
      (hpglpendiameter 15.000000)
      (psnegative false)
      (psa4output false)
      (plotreference true)
      (plotvalue true)
      (plotinvisibletext false)
      (padsonsilk false)
      (subtractmaskfromsilk false)
      (outputformat 1)
      (mirror false)
      (drillshape 1)
      (scaleselection 1)
      (outputdirectory ""))
  )

  (net 0 "")
  (net 1 GND)
  (net 2 /V_USB)
  (net 3 3V3)
  (net 4 "Net-(C3-Pad1)")
  (net 5 +5V)
  (net 6 1V2)
  (net 7 "Net-(C5-Pad1)")
  (net 8 /USB_Interface/VPHY)
  (net 9 /USB_Interface/~RESET)
  (net 10 /USB_Interface/VPLL)
  (net 11 "Net-(C13-Pad1)")
  (net 12 "Net-(C14-Pad1)")
  (net 13 "Net-(C15-Pad1)")
  (net 14 "Net-(C16-Pad1)")
  (net 15 "Net-(C35-Pad1)")
  (net 16 "/RF Circuitry/RFI_P")
  (net 17 "Net-(C37-Pad2)")
  (net 18 "/RF Circuitry/RFI_N")
  (net 19 "Net-(C39-Pad2)")
  (net 20 "/RF Circuitry/RFO")
  (net 21 "Net-(C40-Pad2)")
  (net 22 "/RF Circuitry/VCTL1")
  (net 23 "/RF Circuitry/VREG")
  (net 24 "/RF Circuitry/VCTL2")
  (net 25 "Net-(C44-Pad2)")
  (net 26 "Net-(C44-Pad1)")
  (net 27 "/RF Circuitry/VR_PA")
  (net 28 "Net-(C47-Pad1)")
  (net 29 "Net-(C49-Pad2)")
  (net 30 "Net-(C49-Pad1)")
  (net 31 "Net-(C50-Pad2)")
  (net 32 "Net-(C52-Pad1)")
  (net 33 "Net-(D1-Pad2)")
  (net 34 /ICE_CDONE)
  (net 35 "Net-(D3-Pad2)")
  (net 36 "Net-(D4-Pad2)")
  (net 37 /VBUS)
  (net 38 "Net-(IC1-Pad1)")
  (net 39 /USB_Interface/DATA)
  (net 40 /USB_Interface/CLK)
  (net 41 /USB_Interface/CS#)
  (net 42 /ice40up5k_circuit/Pin_0)
  (net 43 "/RF Circuitry/LoRa_MISO")
  (net 44 /ice40up5k_circuit/ANTENNA_SW)
  (net 45 /ice40up5k_circuit/Pin_3)
  (net 46 "/RF Circuitry/LoRa_MOSI")
  (net 47 /ice40up5k_circuit/iCE_CLK)
  (net 48 /ice40up5k_circuit/Pin_4)
  (net 49 /SPI_SS)
  (net 50 "/RF Circuitry/DIO1")
  (net 51 /ice40up5k_circuit/Pin_5)
  (net 52 /SPI_SCK)
  (net 53 "/RF Circuitry/BUSY")
  (net 54 /ice40up5k_circuit/iCE_SI)
  (net 55 "/RF Circuitry/LoRa_!SS")
  (net 56 "/RF Circuitry/RX_LED")
  (net 57 /ice40up5k_circuit/LoRa_~RESET)
  (net 58 /ice40up5k_circuit/iCE_SO)
  (net 59 /ice40up5k_circuit/Pin_2)
  (net 60 /ICE_CRESET)
  (net 61 "/RF Circuitry/TX_LED")
  (net 62 /ice40up5k_circuit/Pin_1)
  (net 63 "Net-(IC3-Pad1)")
  (net 64 /SPI_MISO)
  (net 65 "Net-(IC3-Pad3)")
  (net 66 /SPI_MOSI)
  (net 67 "Net-(IC3-Pad7)")
  (net 68 "Net-(J1-Pad5)")
  (net 69 /V_conn)
  (net 70 "Net-(L1-Pad2)")
  (net 71 "Net-(L2-Pad1)")
  (net 72 "Net-(L5-Pad2)")
  (net 73 "Net-(R11-Pad1)")
  (net 74 "/RF Circuitry/DIO2")
  (net 75 "Net-(U2-Pad16)")
  (net 76 "Net-(U2-Pad18)")
  (net 77 "Net-(U2-Pad21)")
  (net 78 "Net-(U2-Pad25)")
  (net 79 "Net-(U2-Pad26)")
  (net 80 "Net-(U2-Pad27)")
  (net 81 "Net-(U2-Pad28)")
  (net 82 "Net-(U2-Pad29)")
  (net 83 "Net-(U2-Pad30)")
  (net 84 "Net-(U2-Pad31)")
  (net 85 "Net-(U2-Pad32)")
  (net 86 "Net-(U2-Pad33)")
  (net 87 "Net-(U3-Pad3)")
  (net 88 "Net-(U3-Pad4)")
  (net 89 "/RF Circuitry/DIO3")
  (net 90 "Net-(X1-Pad1)")
  (net 91 /D-)
  (net 92 /D+)
  (net 93 /USB_Interface/UBS_D+)
  (net 94 /USB_Interface/USB_D-)
  (net 95 RadioPower)
  (net 96 3V3FPGA)
  (net 97 1V2FPGA)

  (net_class Default "This is the default net class."
    (clearance 0.2)
    (trace_width 0.2)
    (via_dia 0.8)
    (via_drill 0.4)
    (uvia_dia 0.4)
    (uvia_drill 0.2)
    (add_net +5V)
    (add_net /D+)
    (add_net /D-)
    (add_net /ICE_CDONE)
    (add_net /ICE_CRESET)
    (add_net "/RF Circuitry/BUSY")
    (add_net "/RF Circuitry/DIO1")
    (add_net "/RF Circuitry/DIO2")
    (add_net "/RF Circuitry/DIO3")
    (add_net "/RF Circuitry/LoRa_!SS")
    (add_net "/RF Circuitry/LoRa_MISO")
    (add_net "/RF Circuitry/LoRa_MOSI")
    (add_net "/RF Circuitry/RFI_N")
    (add_net "/RF Circuitry/RFI_P")
    (add_net "/RF Circuitry/RFO")
    (add_net "/RF Circuitry/RX_LED")
    (add_net "/RF Circuitry/TX_LED")
    (add_net "/RF Circuitry/VCTL1")
    (add_net "/RF Circuitry/VCTL2")
    (add_net "/RF Circuitry/VREG")
    (add_net "/RF Circuitry/VR_PA")
    (add_net /SPI_MISO)
    (add_net /SPI_MOSI)
    (add_net /SPI_SCK)
    (add_net /SPI_SS)
    (add_net /USB_Interface/CLK)
    (add_net /USB_Interface/CS#)
    (add_net /USB_Interface/DATA)
    (add_net /USB_Interface/UBS_D+)
    (add_net /USB_Interface/USB_D-)
    (add_net /USB_Interface/VPHY)
    (add_net /USB_Interface/VPLL)
    (add_net /USB_Interface/~RESET)
    (add_net /VBUS)
    (add_net /V_USB)
    (add_net /V_conn)
    (add_net /ice40up5k_circuit/ANTENNA_SW)
    (add_net /ice40up5k_circuit/LoRa_~RESET)
    (add_net /ice40up5k_circuit/Pin_0)
    (add_net /ice40up5k_circuit/Pin_1)
    (add_net /ice40up5k_circuit/Pin_2)
    (add_net /ice40up5k_circuit/Pin_3)
    (add_net /ice40up5k_circuit/Pin_4)
    (add_net /ice40up5k_circuit/Pin_5)
    (add_net /ice40up5k_circuit/iCE_CLK)
    (add_net /ice40up5k_circuit/iCE_SI)
    (add_net /ice40up5k_circuit/iCE_SO)
    (add_net 1V2)
    (add_net 1V2FPGA)
    (add_net 3V3)
    (add_net 3V3FPGA)
    (add_net GND)
    (add_net "Net-(C13-Pad1)")
    (add_net "Net-(C14-Pad1)")
    (add_net "Net-(C15-Pad1)")
    (add_net "Net-(C16-Pad1)")
    (add_net "Net-(C3-Pad1)")
    (add_net "Net-(C35-Pad1)")
    (add_net "Net-(C37-Pad2)")
    (add_net "Net-(C39-Pad2)")
    (add_net "Net-(C40-Pad2)")
    (add_net "Net-(C44-Pad1)")
    (add_net "Net-(C44-Pad2)")
    (add_net "Net-(C47-Pad1)")
    (add_net "Net-(C49-Pad1)")
    (add_net "Net-(C49-Pad2)")
    (add_net "Net-(C5-Pad1)")
    (add_net "Net-(C50-Pad2)")
    (add_net "Net-(C52-Pad1)")
    (add_net "Net-(D1-Pad2)")
    (add_net "Net-(D3-Pad2)")
    (add_net "Net-(D4-Pad2)")
    (add_net "Net-(IC1-Pad1)")
    (add_net "Net-(IC3-Pad1)")
    (add_net "Net-(IC3-Pad3)")
    (add_net "Net-(IC3-Pad7)")
    (add_net "Net-(J1-Pad5)")
    (add_net "Net-(L1-Pad2)")
    (add_net "Net-(L2-Pad1)")
    (add_net "Net-(L5-Pad2)")
    (add_net "Net-(R11-Pad1)")
    (add_net "Net-(U2-Pad16)")
    (add_net "Net-(U2-Pad18)")
    (add_net "Net-(U2-Pad21)")
    (add_net "Net-(U2-Pad25)")
    (add_net "Net-(U2-Pad26)")
    (add_net "Net-(U2-Pad27)")
    (add_net "Net-(U2-Pad28)")
    (add_net "Net-(U2-Pad29)")
    (add_net "Net-(U2-Pad30)")
    (add_net "Net-(U2-Pad31)")
    (add_net "Net-(U2-Pad32)")
    (add_net "Net-(U2-Pad33)")
    (add_net "Net-(U3-Pad3)")
    (add_net "Net-(U3-Pad4)")
    (add_net "Net-(X1-Pad1)")
    (add_net RadioPower)
  )

  (module Crystal:Crystal_SMD_2520-4Pin_2.5x2.0mm (layer F.Cu) (tedit 5A0FD1B2) (tstamp 61D09604)
    (at 174 91 180)
    (descr "SMD Crystal SERIES SMD2520/4 http://www.newxtal.com/UploadFiles/Images/2012-11-12-09-29-09-776.pdf, 2.5x2.0mm^2 package")
    (tags "SMD SMT crystal")
    (path /614F0720/61D1DB8F)
    (attr smd)
    (fp_text reference Y2 (at 0 -2.2) (layer F.SilkS)
      (effects (font (size 1 1) (thickness 0.15)))
    )
    (fp_text value Crystal_GND24 (at 0 2.2) (layer F.Fab)
      (effects (font (size 1 1) (thickness 0.15)))
    )
    (fp_text user %R (at 0 0) (layer F.Fab)
      (effects (font (size 0.6 0.6) (thickness 0.09)))
    )
    (fp_line (start -1.15 -1) (end 1.15 -1) (layer F.Fab) (width 0.1))
    (fp_line (start 1.15 -1) (end 1.25 -0.9) (layer F.Fab) (width 0.1))
    (fp_line (start 1.25 -0.9) (end 1.25 0.9) (layer F.Fab) (width 0.1))
    (fp_line (start 1.25 0.9) (end 1.15 1) (layer F.Fab) (width 0.1))
    (fp_line (start 1.15 1) (end -1.15 1) (layer F.Fab) (width 0.1))
    (fp_line (start -1.15 1) (end -1.25 0.9) (layer F.Fab) (width 0.1))
    (fp_line (start -1.25 0.9) (end -1.25 -0.9) (layer F.Fab) (width 0.1))
    (fp_line (start -1.25 -0.9) (end -1.15 -1) (layer F.Fab) (width 0.1))
    (fp_line (start -1.25 0) (end -0.25 1) (layer F.Fab) (width 0.1))
    (fp_line (start -1.65 -1.4) (end -1.65 1.4) (layer F.SilkS) (width 0.12))
    (fp_line (start -1.65 1.4) (end 1.65 1.4) (layer F.SilkS) (width 0.12))
    (fp_line (start -1.7 -1.5) (end -1.7 1.5) (layer F.CrtYd) (width 0.05))
    (fp_line (start -1.7 1.5) (end 1.7 1.5) (layer F.CrtYd) (width 0.05))
    (fp_line (start 1.7 1.5) (end 1.7 -1.5) (layer F.CrtYd) (width 0.05))
    (fp_line (start 1.7 -1.5) (end -1.7 -1.5) (layer F.CrtYd) (width 0.05))
    (pad 4 smd rect (at -0.875 -0.7 180) (size 1.15 1) (layers F.Cu F.Paste F.Mask)
      (net 1 GND))
    (pad 3 smd rect (at 0.875 -0.7 180) (size 1.15 1) (layers F.Cu F.Paste F.Mask)
      (net 88 "Net-(U3-Pad4)"))
    (pad 2 smd rect (at 0.875 0.7 180) (size 1.15 1) (layers F.Cu F.Paste F.Mask)
      (net 1 GND))
    (pad 1 smd rect (at -0.875 0.7 180) (size 1.15 1) (layers F.Cu F.Paste F.Mask)
      (net 87 "Net-(U3-Pad3)"))
    (model ${KISYS3DMOD}/Crystal.3dshapes/Crystal_SMD_2520-4Pin_2.5x2.0mm.wrl
      (at (xyz 0 0 0))
      (scale (xyz 1 1 1))
      (rotate (xyz 0 0 0))
    )
  )

  (module Connector_PinHeader_2.54mm:PinHeader_2x02_P2.54mm_Vertical (layer F.Cu) (tedit 59FED5CC) (tstamp 61C2E247)
    (at 129.41 111.85)
    (descr "Through hole straight pin header, 2x02, 2.54mm pitch, double rows")
    (tags "Through hole pin header THT 2x02 2.54mm double row")
    (path /618D30E5/61CFE624)
    (fp_text reference J9 (at -2.41 1.15 90) (layer F.SilkS)
      (effects (font (size 1 1) (thickness 0.15)))
    )
    (fp_text value Conn_02x02_Top_Bottom (at 1.27 4.87) (layer F.Fab)
      (effects (font (size 1 1) (thickness 0.15)))
    )
    (fp_line (start 0 -1.27) (end 3.81 -1.27) (layer F.Fab) (width 0.1))
    (fp_line (start 3.81 -1.27) (end 3.81 3.81) (layer F.Fab) (width 0.1))
    (fp_line (start 3.81 3.81) (end -1.27 3.81) (layer F.Fab) (width 0.1))
    (fp_line (start -1.27 3.81) (end -1.27 0) (layer F.Fab) (width 0.1))
    (fp_line (start -1.27 0) (end 0 -1.27) (layer F.Fab) (width 0.1))
    (fp_line (start -1.33 3.87) (end 3.87 3.87) (layer F.SilkS) (width 0.12))
    (fp_line (start -1.33 1.27) (end -1.33 3.87) (layer F.SilkS) (width 0.12))
    (fp_line (start 3.87 -1.33) (end 3.87 3.87) (layer F.SilkS) (width 0.12))
    (fp_line (start -1.33 1.27) (end 1.27 1.27) (layer F.SilkS) (width 0.12))
    (fp_line (start 1.27 1.27) (end 1.27 -1.33) (layer F.SilkS) (width 0.12))
    (fp_line (start 1.27 -1.33) (end 3.87 -1.33) (layer F.SilkS) (width 0.12))
    (fp_line (start -1.33 0) (end -1.33 -1.33) (layer F.SilkS) (width 0.12))
    (fp_line (start -1.33 -1.33) (end 0 -1.33) (layer F.SilkS) (width 0.12))
    (fp_line (start -1.8 -1.8) (end -1.8 4.35) (layer F.CrtYd) (width 0.05))
    (fp_line (start -1.8 4.35) (end 4.35 4.35) (layer F.CrtYd) (width 0.05))
    (fp_line (start 4.35 4.35) (end 4.35 -1.8) (layer F.CrtYd) (width 0.05))
    (fp_line (start 4.35 -1.8) (end -1.8 -1.8) (layer F.CrtYd) (width 0.05))
    (fp_text user %R (at 1.27 1.27 90) (layer F.Fab)
      (effects (font (size 1 1) (thickness 0.15)))
    )
    (pad 4 thru_hole oval (at 2.54 2.54) (size 1.7 1.7) (drill 1) (layers *.Cu *.Mask)
      (net 97 1V2FPGA))
    (pad 3 thru_hole oval (at 0 2.54) (size 1.7 1.7) (drill 1) (layers *.Cu *.Mask)
      (net 96 3V3FPGA))
    (pad 2 thru_hole oval (at 2.54 0) (size 1.7 1.7) (drill 1) (layers *.Cu *.Mask)
      (net 6 1V2))
    (pad 1 thru_hole rect (at 0 0) (size 1.7 1.7) (drill 1) (layers *.Cu *.Mask)
      (net 3 3V3))
    (model ${KISYS3DMOD}/Connector_PinHeader_2.54mm.3dshapes/PinHeader_2x02_P2.54mm_Vertical.wrl
      (at (xyz 0 0 0))
      (scale (xyz 1 1 1))
      (rotate (xyz 0 0 0))
    )
  )

  (module Connector_PinHeader_2.54mm:PinHeader_1x02_P2.54mm_Vertical (layer F.Cu) (tedit 59FED5CC) (tstamp 61C20C5E)
    (at 168.21 111.84)
    (descr "Through hole straight pin header, 1x02, 2.54mm pitch, single row")
    (tags "Through hole pin header THT 1x02 2.54mm single row")
    (path /614F0720/61CC55D0)
    (fp_text reference J8 (at -2.71 1.16 90) (layer F.SilkS)
      (effects (font (size 1 1) (thickness 0.15)))
    )
    (fp_text value Jumper (at 0 4.87) (layer F.Fab)
      (effects (font (size 1 1) (thickness 0.15)))
    )
    (fp_line (start -0.635 -1.27) (end 1.27 -1.27) (layer F.Fab) (width 0.1))
    (fp_line (start 1.27 -1.27) (end 1.27 3.81) (layer F.Fab) (width 0.1))
    (fp_line (start 1.27 3.81) (end -1.27 3.81) (layer F.Fab) (width 0.1))
    (fp_line (start -1.27 3.81) (end -1.27 -0.635) (layer F.Fab) (width 0.1))
    (fp_line (start -1.27 -0.635) (end -0.635 -1.27) (layer F.Fab) (width 0.1))
    (fp_line (start -1.33 3.87) (end 1.33 3.87) (layer F.SilkS) (width 0.12))
    (fp_line (start -1.33 1.27) (end -1.33 3.87) (layer F.SilkS) (width 0.12))
    (fp_line (start 1.33 1.27) (end 1.33 3.87) (layer F.SilkS) (width 0.12))
    (fp_line (start -1.33 1.27) (end 1.33 1.27) (layer F.SilkS) (width 0.12))
    (fp_line (start -1.33 0) (end -1.33 -1.33) (layer F.SilkS) (width 0.12))
    (fp_line (start -1.33 -1.33) (end 0 -1.33) (layer F.SilkS) (width 0.12))
    (fp_line (start -1.8 -1.8) (end -1.8 4.35) (layer F.CrtYd) (width 0.05))
    (fp_line (start -1.8 4.35) (end 1.8 4.35) (layer F.CrtYd) (width 0.05))
    (fp_line (start 1.8 4.35) (end 1.8 -1.8) (layer F.CrtYd) (width 0.05))
    (fp_line (start 1.8 -1.8) (end -1.8 -1.8) (layer F.CrtYd) (width 0.05))
    (fp_text user %R (at 0 1.27 90) (layer F.Fab)
      (effects (font (size 1 1) (thickness 0.15)))
    )
    (pad 2 thru_hole oval (at 0 2.54) (size 1.7 1.7) (drill 1) (layers *.Cu *.Mask)
      (net 95 RadioPower))
    (pad 1 thru_hole rect (at 0 0) (size 1.7 1.7) (drill 1) (layers *.Cu *.Mask)
      (net 3 3V3))
    (model ${KISYS3DMOD}/Connector_PinHeader_2.54mm.3dshapes/PinHeader_1x02_P2.54mm_Vertical.wrl
      (at (xyz 0 0 0))
      (scale (xyz 1 1 1))
      (rotate (xyz 0 0 0))
    )
  )

  (module Connector_USB:USB_A_CNCTech_1001-011-01101_Horizontal (layer F.Cu) (tedit 5E754393) (tstamp 61BD4256)
    (at 96 97.5 180)
    (descr "USB type A Plug, Horizontal, http://cnctech.us/pdfs/1001-011-01101.pdf")
    (tags USB-A)
    (path /6134135C)
    (attr smd)
    (fp_text reference J1 (at -6.9 -8) (layer F.SilkS)
      (effects (font (size 1 1) (thickness 0.15)))
    )
    (fp_text value USB_A (at 0 8 180) (layer F.Fab)
      (effects (font (size 1 1) (thickness 0.15)))
    )
    (fp_line (start -7.25 -4) (end -7.25 -3.05) (layer F.Fab) (width 0.1))
    (fp_line (start -7.75 -3.5) (end -7.25 -4) (layer F.Fab) (width 0.1))
    (fp_line (start -7.75 -3.5) (end -7.25 -3) (layer F.Fab) (width 0.1))
    (fp_line (start -8.02 -4.4) (end -8.775 -4.4) (layer F.SilkS) (width 0.12))
    (fp_line (start -11.4 4.55) (end -9.15 4.55) (layer F.CrtYd) (width 0.05))
    (fp_line (start -9.15 4.55) (end -9.15 7.15) (layer F.CrtYd) (width 0.05))
    (fp_line (start -9.15 7.15) (end -4.65 7.15) (layer F.CrtYd) (width 0.05))
    (fp_line (start -4.65 7.15) (end -4.65 6.52) (layer F.CrtYd) (width 0.05))
    (fp_line (start -4.65 6.52) (end 11.4 6.52) (layer F.CrtYd) (width 0.05))
    (fp_line (start 11.4 6.52) (end 11.4 -6.52) (layer F.CrtYd) (width 0.05))
    (fp_line (start -4.65 -6.52) (end 11.4 -6.52) (layer F.CrtYd) (width 0.05))
    (fp_line (start -4.65 -6.52) (end -4.65 -7.15) (layer F.CrtYd) (width 0.05))
    (fp_line (start -9.15 -7.15) (end -4.65 -7.15) (layer F.CrtYd) (width 0.05))
    (fp_line (start -9.15 -7.15) (end -9.15 -4.55) (layer F.CrtYd) (width 0.05))
    (fp_line (start -11.4 -4.55) (end -9.15 -4.55) (layer F.CrtYd) (width 0.05))
    (fp_line (start -11.4 4.55) (end -11.4 -4.55) (layer F.CrtYd) (width 0.05))
    (fp_line (start -4.85 6.145) (end -3.8 6.145) (layer F.SilkS) (width 0.12))
    (fp_line (start -4.85 -6.145) (end -3.8 -6.145) (layer F.SilkS) (width 0.12))
    (fp_line (start -3.8 6.025) (end -3.8 -6.025) (layer Dwgs.User) (width 0.1))
    (fp_line (start -8.02 -4.4) (end -8.02 4.4) (layer F.SilkS) (width 0.12))
    (fp_circle (center -6.9 2.3) (end -6.9 2.8) (layer F.Fab) (width 0.1))
    (fp_circle (center -6.9 -2.3) (end -6.9 -2.8) (layer F.Fab) (width 0.1))
    (fp_line (start -10.4 -3.25) (end -7.9 -3.25) (layer F.Fab) (width 0.1))
    (fp_line (start -10.4 -3.25) (end -10.4 -3.75) (layer F.Fab) (width 0.1))
    (fp_line (start -10.4 -3.75) (end -7.9 -3.75) (layer F.Fab) (width 0.1))
    (fp_line (start -10.4 -1.25) (end -7.9 -1.25) (layer F.Fab) (width 0.1))
    (fp_line (start -10.4 -0.75) (end -7.9 -0.75) (layer F.Fab) (width 0.1))
    (fp_line (start -10.4 -0.75) (end -10.4 -1.25) (layer F.Fab) (width 0.1))
    (fp_line (start -10.4 1.25) (end -7.9 1.25) (layer F.Fab) (width 0.1))
    (fp_line (start -10.4 1.25) (end -10.4 0.75) (layer F.Fab) (width 0.1))
    (fp_line (start -10.4 0.75) (end -7.9 0.75) (layer F.Fab) (width 0.1))
    (fp_line (start -10.4 3.75) (end -7.9 3.75) (layer F.Fab) (width 0.1))
    (fp_line (start -10.4 3.25) (end -7.9 3.25) (layer F.Fab) (width 0.1))
    (fp_line (start -10.4 3.75) (end -10.4 3.25) (layer F.Fab) (width 0.1))
    (fp_line (start 10.9 6.025) (end 10.9 -6.025) (layer F.Fab) (width 0.1))
    (fp_line (start -7.9 6.025) (end 10.9 6.025) (layer F.Fab) (width 0.1))
    (fp_line (start -7.9 -6.025) (end 10.9 -6.025) (layer F.Fab) (width 0.1))
    (fp_line (start -7.9 6.025) (end -7.9 -6.025) (layer F.Fab) (width 0.1))
    (fp_text user "PCB Edge" (at -4.55 -0.05 90) (layer Dwgs.User)
      (effects (font (size 0.6 0.6) (thickness 0.09)))
    )
    (fp_text user %R (at -6 0 90) (layer F.Fab)
      (effects (font (size 1 1) (thickness 0.15)))
    )
    (pad 2 smd rect (at -9.65 -1 180) (size 2.5 1.1) (layers F.Cu F.Paste F.Mask)
      (net 91 /D-))
    (pad 3 smd rect (at -9.65 1 180) (size 2.5 1.1) (layers F.Cu F.Paste F.Mask)
      (net 92 /D+))
    (pad 1 smd rect (at -9.65 -3.5 180) (size 2.5 1.1) (layers F.Cu F.Paste F.Mask)
      (net 37 /VBUS))
    (pad 4 smd rect (at -9.65 3.5 180) (size 2.5 1.1) (layers F.Cu F.Paste F.Mask)
      (net 1 GND))
    (pad 5 thru_hole oval (at -6.9 -5.7 180) (size 3.5 1.9) (drill oval 2.5 0.9) (layers *.Cu *.Mask)
      (net 68 "Net-(J1-Pad5)"))
    (pad 5 thru_hole oval (at -6.9 5.7 180) (size 3.5 1.9) (drill oval 2.5 0.9) (layers *.Cu *.Mask)
      (net 68 "Net-(J1-Pad5)"))
    (pad "" np_thru_hole circle (at -6.9 -2.3 180) (size 1.1 1.1) (drill 1.1) (layers *.Cu *.Mask))
    (pad "" np_thru_hole circle (at -6.9 2.3 180) (size 1.1 1.1) (drill 1.1) (layers *.Cu *.Mask))
    (model ${KISYS3DMOD}/Connector_USB.3dshapes/USB_A_CNCTech_1001-011-01101_Horizontal.wrl
      (at (xyz 0 0 0))
      (scale (xyz 1 1 1))
      (rotate (xyz 0 0 0))
    )
  )

  (module Resistor_SMD:R_0402_1005Metric_Pad0.72x0.64mm_HandSolder (layer F.Cu) (tedit 5F6BB9E0) (tstamp 61C1D822)
    (at 169 84 180)
    (descr "Resistor SMD 0402 (1005 Metric), square (rectangular) end terminal, IPC_7351 nominal with elongated pad for handsoldering. (Body size source: IPC-SM-782 page 72, https://www.pcb-3d.com/wordpress/wp-content/uploads/ipc-sm-782a_amendment_1_and_2.pdf), generated with kicad-footprint-generator")
    (tags "resistor handsolder")
    (path /614F0720/6168CCFD)
    (attr smd)
    (fp_text reference R21 (at 0 -1.17) (layer F.Fab)
      (effects (font (size 1 1) (thickness 0.15)))
    )
    (fp_text value R (at 0 1.17) (layer F.Fab)
      (effects (font (size 1 1) (thickness 0.15)))
    )
    (fp_line (start -0.525 0.27) (end -0.525 -0.27) (layer F.Fab) (width 0.1))
    (fp_line (start -0.525 -0.27) (end 0.525 -0.27) (layer F.Fab) (width 0.1))
    (fp_line (start 0.525 -0.27) (end 0.525 0.27) (layer F.Fab) (width 0.1))
    (fp_line (start 0.525 0.27) (end -0.525 0.27) (layer F.Fab) (width 0.1))
    (fp_line (start -0.167621 -0.38) (end 0.167621 -0.38) (layer F.SilkS) (width 0.12))
    (fp_line (start -0.167621 0.38) (end 0.167621 0.38) (layer F.SilkS) (width 0.12))
    (fp_line (start -1.1 0.47) (end -1.1 -0.47) (layer F.CrtYd) (width 0.05))
    (fp_line (start -1.1 -0.47) (end 1.1 -0.47) (layer F.CrtYd) (width 0.05))
    (fp_line (start 1.1 -0.47) (end 1.1 0.47) (layer F.CrtYd) (width 0.05))
    (fp_line (start 1.1 0.47) (end -1.1 0.47) (layer F.CrtYd) (width 0.05))
    (fp_text user %R (at 0 0) (layer F.Fab)
      (effects (font (size 0.26 0.26) (thickness 0.04)))
    )
    (pad 2 smd roundrect (at 0.5975 0 180) (size 0.715 0.64) (layers F.Cu F.Paste F.Mask) (roundrect_rratio 0.25)
      (net 36 "Net-(D4-Pad2)"))
    (pad 1 smd roundrect (at -0.5975 0 180) (size 0.715 0.64) (layers F.Cu F.Paste F.Mask) (roundrect_rratio 0.25)
      (net 56 "/RF Circuitry/RX_LED"))
    (model ${KISYS3DMOD}/Resistor_SMD.3dshapes/R_0402_1005Metric.wrl
      (at (xyz 0 0 0))
      (scale (xyz 1 1 1))
      (rotate (xyz 0 0 0))
    )
  )

  (module Resistor_SMD:R_0402_1005Metric_Pad0.72x0.64mm_HandSolder (layer F.Cu) (tedit 5F6BB9E0) (tstamp 61C1D7F2)
    (at 169 89 180)
    (descr "Resistor SMD 0402 (1005 Metric), square (rectangular) end terminal, IPC_7351 nominal with elongated pad for handsoldering. (Body size source: IPC-SM-782 page 72, https://www.pcb-3d.com/wordpress/wp-content/uploads/ipc-sm-782a_amendment_1_and_2.pdf), generated with kicad-footprint-generator")
    (tags "resistor handsolder")
    (path /614F0720/61687A29)
    (attr smd)
    (fp_text reference R20 (at 0 -1.17) (layer F.Fab)
      (effects (font (size 1 1) (thickness 0.15)))
    )
    (fp_text value R (at 0 1.17) (layer F.Fab)
      (effects (font (size 1 1) (thickness 0.15)))
    )
    (fp_line (start -0.525 0.27) (end -0.525 -0.27) (layer F.Fab) (width 0.1))
    (fp_line (start -0.525 -0.27) (end 0.525 -0.27) (layer F.Fab) (width 0.1))
    (fp_line (start 0.525 -0.27) (end 0.525 0.27) (layer F.Fab) (width 0.1))
    (fp_line (start 0.525 0.27) (end -0.525 0.27) (layer F.Fab) (width 0.1))
    (fp_line (start -0.167621 -0.38) (end 0.167621 -0.38) (layer F.SilkS) (width 0.12))
    (fp_line (start -0.167621 0.38) (end 0.167621 0.38) (layer F.SilkS) (width 0.12))
    (fp_line (start -1.1 0.47) (end -1.1 -0.47) (layer F.CrtYd) (width 0.05))
    (fp_line (start -1.1 -0.47) (end 1.1 -0.47) (layer F.CrtYd) (width 0.05))
    (fp_line (start 1.1 -0.47) (end 1.1 0.47) (layer F.CrtYd) (width 0.05))
    (fp_line (start 1.1 0.47) (end -1.1 0.47) (layer F.CrtYd) (width 0.05))
    (fp_text user %R (at 0 0) (layer F.Fab)
      (effects (font (size 0.26 0.26) (thickness 0.04)))
    )
    (pad 2 smd roundrect (at 0.5975 0 180) (size 0.715 0.64) (layers F.Cu F.Paste F.Mask) (roundrect_rratio 0.25)
      (net 35 "Net-(D3-Pad2)"))
    (pad 1 smd roundrect (at -0.5975 0 180) (size 0.715 0.64) (layers F.Cu F.Paste F.Mask) (roundrect_rratio 0.25)
      (net 61 "/RF Circuitry/TX_LED"))
    (model ${KISYS3DMOD}/Resistor_SMD.3dshapes/R_0402_1005Metric.wrl
      (at (xyz 0 0 0))
      (scale (xyz 1 1 1))
      (rotate (xyz 0 0 0))
    )
  )

  (module Resistor_SMD:R_0402_1005Metric_Pad0.72x0.64mm_HandSolder (layer F.Cu) (tedit 5F6BB9E0) (tstamp 61BD7022)
    (at 190.728 99.79 90)
    (descr "Resistor SMD 0402 (1005 Metric), square (rectangular) end terminal, IPC_7351 nominal with elongated pad for handsoldering. (Body size source: IPC-SM-782 page 72, https://www.pcb-3d.com/wordpress/wp-content/uploads/ipc-sm-782a_amendment_1_and_2.pdf), generated with kicad-footprint-generator")
    (tags "resistor handsolder")
    (path /614F0720/617351DE)
    (attr smd)
    (fp_text reference R19 (at 0 -1.17 90) (layer F.Fab)
      (effects (font (size 1 1) (thickness 0.15)))
    )
    (fp_text value 100R (at 0 1.17 90) (layer F.Fab)
      (effects (font (size 1 1) (thickness 0.15)))
    )
    (fp_line (start 1.1 0.47) (end -1.1 0.47) (layer F.CrtYd) (width 0.05))
    (fp_line (start 1.1 -0.47) (end 1.1 0.47) (layer F.CrtYd) (width 0.05))
    (fp_line (start -1.1 -0.47) (end 1.1 -0.47) (layer F.CrtYd) (width 0.05))
    (fp_line (start -1.1 0.47) (end -1.1 -0.47) (layer F.CrtYd) (width 0.05))
    (fp_line (start -0.167621 0.38) (end 0.167621 0.38) (layer F.SilkS) (width 0.12))
    (fp_line (start -0.167621 -0.38) (end 0.167621 -0.38) (layer F.SilkS) (width 0.12))
    (fp_line (start 0.525 0.27) (end -0.525 0.27) (layer F.Fab) (width 0.1))
    (fp_line (start 0.525 -0.27) (end 0.525 0.27) (layer F.Fab) (width 0.1))
    (fp_line (start -0.525 -0.27) (end 0.525 -0.27) (layer F.Fab) (width 0.1))
    (fp_line (start -0.525 0.27) (end -0.525 -0.27) (layer F.Fab) (width 0.1))
    (fp_text user %R (at 0 0 90) (layer F.Fab)
      (effects (font (size 0.26 0.26) (thickness 0.04)))
    )
    (pad 1 smd roundrect (at -0.5975 0 90) (size 0.715 0.64) (layers F.Cu F.Paste F.Mask) (roundrect_rratio 0.25)
      (net 74 "/RF Circuitry/DIO2"))
    (pad 2 smd roundrect (at 0.5975 0 90) (size 0.715 0.64) (layers F.Cu F.Paste F.Mask) (roundrect_rratio 0.25)
      (net 24 "/RF Circuitry/VCTL2"))
    (model ${KISYS3DMOD}/Resistor_SMD.3dshapes/R_0402_1005Metric.wrl
      (at (xyz 0 0 0))
      (scale (xyz 1 1 1))
      (rotate (xyz 0 0 0))
    )
  )

  (module Resistor_SMD:R_0402_1005Metric_Pad0.72x0.64mm_HandSolder (layer F.Cu) (tedit 5F6BB9E0) (tstamp 61BD7052)
    (at 190.728 93.39 90)
    (descr "Resistor SMD 0402 (1005 Metric), square (rectangular) end terminal, IPC_7351 nominal with elongated pad for handsoldering. (Body size source: IPC-SM-782 page 72, https://www.pcb-3d.com/wordpress/wp-content/uploads/ipc-sm-782a_amendment_1_and_2.pdf), generated with kicad-footprint-generator")
    (tags "resistor handsolder")
    (path /614F0720/6160F852)
    (attr smd)
    (fp_text reference R18 (at 0 -1.17 90) (layer F.Fab)
      (effects (font (size 1 1) (thickness 0.15)))
    )
    (fp_text value 100R (at 0 1.17 90) (layer F.Fab)
      (effects (font (size 1 1) (thickness 0.15)))
    )
    (fp_line (start 1.1 0.47) (end -1.1 0.47) (layer F.CrtYd) (width 0.05))
    (fp_line (start 1.1 -0.47) (end 1.1 0.47) (layer F.CrtYd) (width 0.05))
    (fp_line (start -1.1 -0.47) (end 1.1 -0.47) (layer F.CrtYd) (width 0.05))
    (fp_line (start -1.1 0.47) (end -1.1 -0.47) (layer F.CrtYd) (width 0.05))
    (fp_line (start -0.167621 0.38) (end 0.167621 0.38) (layer F.SilkS) (width 0.12))
    (fp_line (start -0.167621 -0.38) (end 0.167621 -0.38) (layer F.SilkS) (width 0.12))
    (fp_line (start 0.525 0.27) (end -0.525 0.27) (layer F.Fab) (width 0.1))
    (fp_line (start 0.525 -0.27) (end 0.525 0.27) (layer F.Fab) (width 0.1))
    (fp_line (start -0.525 -0.27) (end 0.525 -0.27) (layer F.Fab) (width 0.1))
    (fp_line (start -0.525 0.27) (end -0.525 -0.27) (layer F.Fab) (width 0.1))
    (fp_text user %R (at 0 0 90) (layer F.Fab)
      (effects (font (size 0.26 0.26) (thickness 0.04)))
    )
    (pad 1 smd roundrect (at -0.5975 0 90) (size 0.715 0.64) (layers F.Cu F.Paste F.Mask) (roundrect_rratio 0.25)
      (net 22 "/RF Circuitry/VCTL1"))
    (pad 2 smd roundrect (at 0.5975 0 90) (size 0.715 0.64) (layers F.Cu F.Paste F.Mask) (roundrect_rratio 0.25)
      (net 44 /ice40up5k_circuit/ANTENNA_SW))
    (model ${KISYS3DMOD}/Resistor_SMD.3dshapes/R_0402_1005Metric.wrl
      (at (xyz 0 0 0))
      (scale (xyz 1 1 1))
      (rotate (xyz 0 0 0))
    )
  )

  (module Resistor_SMD:R_0402_1005Metric_Pad0.72x0.64mm_HandSolder (layer F.Cu) (tedit 5F6BB9E0) (tstamp 61BCA397)
    (at 153 107)
    (descr "Resistor SMD 0402 (1005 Metric), square (rectangular) end terminal, IPC_7351 nominal with elongated pad for handsoldering. (Body size source: IPC-SM-782 page 72, https://www.pcb-3d.com/wordpress/wp-content/uploads/ipc-sm-782a_amendment_1_and_2.pdf), generated with kicad-footprint-generator")
    (tags "resistor handsolder")
    (path /618D30E5/61B83CF5)
    (attr smd)
    (fp_text reference R17 (at 0 -1.17) (layer F.Fab)
      (effects (font (size 1 1) (thickness 0.15)))
    )
    (fp_text value 10K (at 0 1.17) (layer F.Fab)
      (effects (font (size 1 1) (thickness 0.15)))
    )
    (fp_line (start -0.525 0.27) (end -0.525 -0.27) (layer F.Fab) (width 0.1))
    (fp_line (start -0.525 -0.27) (end 0.525 -0.27) (layer F.Fab) (width 0.1))
    (fp_line (start 0.525 -0.27) (end 0.525 0.27) (layer F.Fab) (width 0.1))
    (fp_line (start 0.525 0.27) (end -0.525 0.27) (layer F.Fab) (width 0.1))
    (fp_line (start -0.167621 -0.38) (end 0.167621 -0.38) (layer F.SilkS) (width 0.12))
    (fp_line (start -0.167621 0.38) (end 0.167621 0.38) (layer F.SilkS) (width 0.12))
    (fp_line (start -1.1 0.47) (end -1.1 -0.47) (layer F.CrtYd) (width 0.05))
    (fp_line (start -1.1 -0.47) (end 1.1 -0.47) (layer F.CrtYd) (width 0.05))
    (fp_line (start 1.1 -0.47) (end 1.1 0.47) (layer F.CrtYd) (width 0.05))
    (fp_line (start 1.1 0.47) (end -1.1 0.47) (layer F.CrtYd) (width 0.05))
    (fp_text user %R (at 0 0) (layer F.Fab)
      (effects (font (size 0.26 0.26) (thickness 0.04)))
    )
    (pad 2 smd roundrect (at 0.5975 0) (size 0.715 0.64) (layers F.Cu F.Paste F.Mask) (roundrect_rratio 0.25)
      (net 3 3V3))
    (pad 1 smd roundrect (at -0.5975 0) (size 0.715 0.64) (layers F.Cu F.Paste F.Mask) (roundrect_rratio 0.25)
      (net 52 /SPI_SCK))
    (model ${KISYS3DMOD}/Resistor_SMD.3dshapes/R_0402_1005Metric.wrl
      (at (xyz 0 0 0))
      (scale (xyz 1 1 1))
      (rotate (xyz 0 0 0))
    )
  )

  (module Resistor_SMD:R_0402_1005Metric_Pad0.72x0.64mm_HandSolder (layer F.Cu) (tedit 5F6BB9E0) (tstamp 61BCA3C7)
    (at 153 105.5)
    (descr "Resistor SMD 0402 (1005 Metric), square (rectangular) end terminal, IPC_7351 nominal with elongated pad for handsoldering. (Body size source: IPC-SM-782 page 72, https://www.pcb-3d.com/wordpress/wp-content/uploads/ipc-sm-782a_amendment_1_and_2.pdf), generated with kicad-footprint-generator")
    (tags "resistor handsolder")
    (path /618D30E5/61B89E4A)
    (attr smd)
    (fp_text reference R16 (at 0 -1.17) (layer F.Fab)
      (effects (font (size 1 1) (thickness 0.15)))
    )
    (fp_text value 10K (at 0 1.17) (layer F.Fab)
      (effects (font (size 1 1) (thickness 0.15)))
    )
    (fp_line (start -0.525 0.27) (end -0.525 -0.27) (layer F.Fab) (width 0.1))
    (fp_line (start -0.525 -0.27) (end 0.525 -0.27) (layer F.Fab) (width 0.1))
    (fp_line (start 0.525 -0.27) (end 0.525 0.27) (layer F.Fab) (width 0.1))
    (fp_line (start 0.525 0.27) (end -0.525 0.27) (layer F.Fab) (width 0.1))
    (fp_line (start -0.167621 -0.38) (end 0.167621 -0.38) (layer F.SilkS) (width 0.12))
    (fp_line (start -0.167621 0.38) (end 0.167621 0.38) (layer F.SilkS) (width 0.12))
    (fp_line (start -1.1 0.47) (end -1.1 -0.47) (layer F.CrtYd) (width 0.05))
    (fp_line (start -1.1 -0.47) (end 1.1 -0.47) (layer F.CrtYd) (width 0.05))
    (fp_line (start 1.1 -0.47) (end 1.1 0.47) (layer F.CrtYd) (width 0.05))
    (fp_line (start 1.1 0.47) (end -1.1 0.47) (layer F.CrtYd) (width 0.05))
    (fp_text user %R (at 0 0) (layer F.Fab)
      (effects (font (size 0.26 0.26) (thickness 0.04)))
    )
    (pad 2 smd roundrect (at 0.5975 0) (size 0.715 0.64) (layers F.Cu F.Paste F.Mask) (roundrect_rratio 0.25)
      (net 3 3V3))
    (pad 1 smd roundrect (at -0.5975 0) (size 0.715 0.64) (layers F.Cu F.Paste F.Mask) (roundrect_rratio 0.25)
      (net 67 "Net-(IC3-Pad7)"))
    (model ${KISYS3DMOD}/Resistor_SMD.3dshapes/R_0402_1005Metric.wrl
      (at (xyz 0 0 0))
      (scale (xyz 1 1 1))
      (rotate (xyz 0 0 0))
    )
  )

  (module Resistor_SMD:R_0402_1005Metric_Pad0.72x0.64mm_HandSolder (layer F.Cu) (tedit 5F6BB9E0) (tstamp 61BCA3F7)
    (at 142 104 180)
    (descr "Resistor SMD 0402 (1005 Metric), square (rectangular) end terminal, IPC_7351 nominal with elongated pad for handsoldering. (Body size source: IPC-SM-782 page 72, https://www.pcb-3d.com/wordpress/wp-content/uploads/ipc-sm-782a_amendment_1_and_2.pdf), generated with kicad-footprint-generator")
    (tags "resistor handsolder")
    (path /618D30E5/61BF5F19)
    (attr smd)
    (fp_text reference R15 (at 0 -1.17) (layer F.Fab)
      (effects (font (size 1 1) (thickness 0.15)))
    )
    (fp_text value 10K (at 0 1.17) (layer F.Fab)
      (effects (font (size 1 1) (thickness 0.15)))
    )
    (fp_line (start -0.525 0.27) (end -0.525 -0.27) (layer F.Fab) (width 0.1))
    (fp_line (start -0.525 -0.27) (end 0.525 -0.27) (layer F.Fab) (width 0.1))
    (fp_line (start 0.525 -0.27) (end 0.525 0.27) (layer F.Fab) (width 0.1))
    (fp_line (start 0.525 0.27) (end -0.525 0.27) (layer F.Fab) (width 0.1))
    (fp_line (start -0.167621 -0.38) (end 0.167621 -0.38) (layer F.SilkS) (width 0.12))
    (fp_line (start -0.167621 0.38) (end 0.167621 0.38) (layer F.SilkS) (width 0.12))
    (fp_line (start -1.1 0.47) (end -1.1 -0.47) (layer F.CrtYd) (width 0.05))
    (fp_line (start -1.1 -0.47) (end 1.1 -0.47) (layer F.CrtYd) (width 0.05))
    (fp_line (start 1.1 -0.47) (end 1.1 0.47) (layer F.CrtYd) (width 0.05))
    (fp_line (start 1.1 0.47) (end -1.1 0.47) (layer F.CrtYd) (width 0.05))
    (fp_text user %R (at 0 0) (layer F.Fab)
      (effects (font (size 0.26 0.26) (thickness 0.04)))
    )
    (pad 2 smd roundrect (at 0.5975 0 180) (size 0.715 0.64) (layers F.Cu F.Paste F.Mask) (roundrect_rratio 0.25)
      (net 3 3V3))
    (pad 1 smd roundrect (at -0.5975 0 180) (size 0.715 0.64) (layers F.Cu F.Paste F.Mask) (roundrect_rratio 0.25)
      (net 63 "Net-(IC3-Pad1)"))
    (model ${KISYS3DMOD}/Resistor_SMD.3dshapes/R_0402_1005Metric.wrl
      (at (xyz 0 0 0))
      (scale (xyz 1 1 1))
      (rotate (xyz 0 0 0))
    )
  )

  (module Resistor_SMD:R_0402_1005Metric_Pad0.72x0.64mm_HandSolder (layer F.Cu) (tedit 5F6BB9E0) (tstamp 61BCA427)
    (at 142.4025 107)
    (descr "Resistor SMD 0402 (1005 Metric), square (rectangular) end terminal, IPC_7351 nominal with elongated pad for handsoldering. (Body size source: IPC-SM-782 page 72, https://www.pcb-3d.com/wordpress/wp-content/uploads/ipc-sm-782a_amendment_1_and_2.pdf), generated with kicad-footprint-generator")
    (tags "resistor handsolder")
    (path /618D30E5/61BA4355)
    (attr smd)
    (fp_text reference R14 (at 0 -1.17) (layer F.Fab)
      (effects (font (size 1 1) (thickness 0.15)))
    )
    (fp_text value 10K (at 0 1.17) (layer F.Fab)
      (effects (font (size 1 1) (thickness 0.15)))
    )
    (fp_line (start -0.525 0.27) (end -0.525 -0.27) (layer F.Fab) (width 0.1))
    (fp_line (start -0.525 -0.27) (end 0.525 -0.27) (layer F.Fab) (width 0.1))
    (fp_line (start 0.525 -0.27) (end 0.525 0.27) (layer F.Fab) (width 0.1))
    (fp_line (start 0.525 0.27) (end -0.525 0.27) (layer F.Fab) (width 0.1))
    (fp_line (start -0.167621 -0.38) (end 0.167621 -0.38) (layer F.SilkS) (width 0.12))
    (fp_line (start -0.167621 0.38) (end 0.167621 0.38) (layer F.SilkS) (width 0.12))
    (fp_line (start -1.1 0.47) (end -1.1 -0.47) (layer F.CrtYd) (width 0.05))
    (fp_line (start -1.1 -0.47) (end 1.1 -0.47) (layer F.CrtYd) (width 0.05))
    (fp_line (start 1.1 -0.47) (end 1.1 0.47) (layer F.CrtYd) (width 0.05))
    (fp_line (start 1.1 0.47) (end -1.1 0.47) (layer F.CrtYd) (width 0.05))
    (fp_text user %R (at 0 0) (layer F.Fab)
      (effects (font (size 0.26 0.26) (thickness 0.04)))
    )
    (pad 2 smd roundrect (at 0.5975 0) (size 0.715 0.64) (layers F.Cu F.Paste F.Mask) (roundrect_rratio 0.25)
      (net 65 "Net-(IC3-Pad3)"))
    (pad 1 smd roundrect (at -0.5975 0) (size 0.715 0.64) (layers F.Cu F.Paste F.Mask) (roundrect_rratio 0.25)
      (net 3 3V3))
    (model ${KISYS3DMOD}/Resistor_SMD.3dshapes/R_0402_1005Metric.wrl
      (at (xyz 0 0 0))
      (scale (xyz 1 1 1))
      (rotate (xyz 0 0 0))
    )
  )

  (module Resistor_SMD:R_0402_1005Metric_Pad0.72x0.64mm_HandSolder (layer F.Cu) (tedit 5F6BB9E0) (tstamp 61BA39D7)
    (at 139.25 82.25 270)
    (descr "Resistor SMD 0402 (1005 Metric), square (rectangular) end terminal, IPC_7351 nominal with elongated pad for handsoldering. (Body size source: IPC-SM-782 page 72, https://www.pcb-3d.com/wordpress/wp-content/uploads/ipc-sm-782a_amendment_1_and_2.pdf), generated with kicad-footprint-generator")
    (tags "resistor handsolder")
    (path /618D30E5/619E1A4D)
    (attr smd)
    (fp_text reference R13 (at 0 -1.17 90) (layer F.Fab)
      (effects (font (size 1 1) (thickness 0.15)))
    )
    (fp_text value 10K (at 0 1.17 90) (layer F.Fab)
      (effects (font (size 1 1) (thickness 0.15)))
    )
    (fp_line (start -0.525 0.27) (end -0.525 -0.27) (layer F.Fab) (width 0.1))
    (fp_line (start -0.525 -0.27) (end 0.525 -0.27) (layer F.Fab) (width 0.1))
    (fp_line (start 0.525 -0.27) (end 0.525 0.27) (layer F.Fab) (width 0.1))
    (fp_line (start 0.525 0.27) (end -0.525 0.27) (layer F.Fab) (width 0.1))
    (fp_line (start -0.167621 -0.38) (end 0.167621 -0.38) (layer F.SilkS) (width 0.12))
    (fp_line (start -0.167621 0.38) (end 0.167621 0.38) (layer F.SilkS) (width 0.12))
    (fp_line (start -1.1 0.47) (end -1.1 -0.47) (layer F.CrtYd) (width 0.05))
    (fp_line (start -1.1 -0.47) (end 1.1 -0.47) (layer F.CrtYd) (width 0.05))
    (fp_line (start 1.1 -0.47) (end 1.1 0.47) (layer F.CrtYd) (width 0.05))
    (fp_line (start 1.1 0.47) (end -1.1 0.47) (layer F.CrtYd) (width 0.05))
    (fp_text user %R (at 0 0 90) (layer F.Fab)
      (effects (font (size 0.26 0.26) (thickness 0.04)))
    )
    (pad 2 smd roundrect (at 0.5975 0 270) (size 0.715 0.64) (layers F.Cu F.Paste F.Mask) (roundrect_rratio 0.25)
      (net 3 3V3))
    (pad 1 smd roundrect (at -0.5975 0 270) (size 0.715 0.64) (layers F.Cu F.Paste F.Mask) (roundrect_rratio 0.25)
      (net 60 /ICE_CRESET))
    (model ${KISYS3DMOD}/Resistor_SMD.3dshapes/R_0402_1005Metric.wrl
      (at (xyz 0 0 0))
      (scale (xyz 1 1 1))
      (rotate (xyz 0 0 0))
    )
  )

  (module Resistor_SMD:R_0402_1005Metric_Pad0.72x0.64mm_HandSolder (layer F.Cu) (tedit 5F6BB9E0) (tstamp 61BCA487)
    (at 163.3 107 180)
    (descr "Resistor SMD 0402 (1005 Metric), square (rectangular) end terminal, IPC_7351 nominal with elongated pad for handsoldering. (Body size source: IPC-SM-782 page 72, https://www.pcb-3d.com/wordpress/wp-content/uploads/ipc-sm-782a_amendment_1_and_2.pdf), generated with kicad-footprint-generator")
    (tags "resistor handsolder")
    (path /618D30E5/619F47BF)
    (attr smd)
    (fp_text reference R12 (at 0 -1.17) (layer F.Fab)
      (effects (font (size 1 1) (thickness 0.15)))
    )
    (fp_text value R (at 0 1.17) (layer F.Fab)
      (effects (font (size 1 1) (thickness 0.15)))
    )
    (fp_line (start -0.525 0.27) (end -0.525 -0.27) (layer F.Fab) (width 0.1))
    (fp_line (start -0.525 -0.27) (end 0.525 -0.27) (layer F.Fab) (width 0.1))
    (fp_line (start 0.525 -0.27) (end 0.525 0.27) (layer F.Fab) (width 0.1))
    (fp_line (start 0.525 0.27) (end -0.525 0.27) (layer F.Fab) (width 0.1))
    (fp_line (start -0.167621 -0.38) (end 0.167621 -0.38) (layer F.SilkS) (width 0.12))
